eil51_n05_m20_multiple-strongly-corr_01.ttp 154 844 1644 176 -870.4267397621502 773.5732602378497 
eil51_n06_m25_multiple-strongly-corr_01.ttp 179 1047 1847 129 -910.7307412262348 936.2692587737652 
eil51_n07_m30_multiple-strongly-corr_01.ttp 412 1087 2287 167 -1578.6285604974773 708.3714395025228 
eil51_n08_m35_multiple-strongly-corr_01.ttp 322 1474 3074 176 -2610.952322877518 463.0476771224823 
eil51_n09_m40_multiple-strongly-corr_01.ttp 69 2023 3623 228 -1818.1110207998531 1804.8889792001469 
eil51_n10_m45_multiple-strongly-corr_01.ttp 278 2029 4229 168 -3137.8725672880378 1091.1274327119622 
eil51_n11_m100_multiple-strongly-corr_01.ttp 919 3630 9030 174 -7007.398566855702 2022.6014331442987 
eil51_n12_m110_multiple-strongly-corr_01.ttp 1041 3954 9954 183 -7519.54453574812 2434.4554642518788 
eil51_n13_m120_multiple-strongly-corr_01.ttp 824 4567 11567 211 -9242.381498626852 2324.618501373149 
eil51_n14_m130_multiple-strongly-corr_01.ttp 954 4999 12399 222 -10852.129220588085 1546.870779411914 
eil51_n15_m140_multiple-strongly-corr_01.ttp 1054 5394 13794 257 -11591.091346339203 2202.9086536607965 
eil51_n16_m150_multiple-strongly-corr_01.ttp 1437 5527 14127 243 -11186.091201814252 2940.9087981857488 
eil51_n17_m160_multiple-strongly-corr_01.ttp 1250 5974 15474 244 -12377.039824844818 3096.9601751551827 
eil51_n18_m170_multiple-strongly-corr_01.ttp 1274 6475 16575 258 -12501.93039310948 4073.0696068905218 
eil51_n19_m180_multiple-strongly-corr_01.ttp 1974 6266 16566 252 -11228.346251054914 5337.6537489450875 
eil51_n20_m190_multiple-strongly-corr_01.ttp 1413 7329 18629 255 -15857.11592498503 2771.884075014969 
eil51_n05_m20_multiple-strongly-corr_06.ttp 589 5076 7876 176 -3714.0886745745765 4161.9113254254235 
eil51_n06_m25_multiple-strongly-corr_06.ttp 449 6191 9591 129 -3729.364206159343 5861.635793840656 
eil51_n07_m30_multiple-strongly-corr_06.ttp 737 7278 11178 184 -5574.564271812818 5603.435728187182 
eil51_n08_m35_multiple-strongly-corr_06.ttp 2171 7765 12365 176 -8980.018616578429 3384.9813834215706 
eil51_n09_m40_multiple-strongly-corr_06.ttp 502 11043 16543 208 -6757.573861736082 9785.426138263918 
eil51_n10_m45_multiple-strongly-corr_06.ttp 1036 11718 17418 183 -10472.557245941445 6945.442754058555 
eil51_n11_m100_multiple-strongly-corr_06.ttp 1253 26393 39293 179 -20223.245308250385 19069.754691749615 
eil51_n12_m110_multiple-strongly-corr_06.ttp 2060 28938 42438 189 -22005.462692757694 20432.537307242303 
eil51_n13_m120_multiple-strongly-corr_06.ttp 6385 27311 43011 219 -29817.462490450358 13193.537509549642 
eil51_n14_m130_multiple-strongly-corr_06.ttp 3608 33397 49497 236 -30626.827994498737 18870.172005501263 
eil51_n15_m140_multiple-strongly-corr_06.ttp 6117 33551 52151 270 -36669.26047460131 15481.739525398687 
eil51_n16_m150_multiple-strongly-corr_06.ttp 1968 40984 61184 268 -32089.106393451126 29094.89360654887 
eil51_n17_m160_multiple-strongly-corr_06.ttp 9817 36013 57413 244 -39708.74881551091 17704.251184489094 
eil51_n18_m170_multiple-strongly-corr_06.ttp 3583 45173 65773 282 -41727.16204328257 24045.837956717423 
eil51_n19_m180_multiple-strongly-corr_06.ttp 2698 48809 71609 261 -34718.19916383949 36890.8008361605 
eil51_n20_m190_multiple-strongly-corr_06.ttp 9805 44285 69985 270 -48920.70201208745 21064.297987912552 
eil51_n05_m20_multiple-strongly-corr_10.ttp 948 8254 11954 176 -5944.8504203604525 6009.1495796395475 
eil51_n06_m25_multiple-strongly-corr_10.ttp 416 11504 16204 129 -5781.137067958567 10422.862932041433 
eil51_n07_m30_multiple-strongly-corr_10.ttp 835 13473 18773 167 -8259.762125276064 10513.237874723938 
eil51_n08_m35_multiple-strongly-corr_10.ttp 2735 13176 18776 176 -12652.98564947497 6123.014350525032 
eil51_n09_m40_multiple-strongly-corr_10.ttp 1077 17693 25093 208 -9686.673945661787 15406.326054338215 
eil51_n10_m45_multiple-strongly-corr_10.ttp 2586 18054 26254 173 -12699.269407189251 13554.730592810749 
eil51_n11_m100_multiple-strongly-corr_10.ttp 2579 46466 65666 174 -29786.306514179054 35879.69348582094 
eil51_n12_m110_multiple-strongly-corr_10.ttp 3193 50627 71327 183 -31650.853702368775 39676.14629763124 
eil51_n13_m120_multiple-strongly-corr_10.ttp 5651 52494 73894 212 -40924.99554354949 32969.004456450515 
eil51_n14_m130_multiple-strongly-corr_10.ttp 3056 59619 83819 237 -41829.00808401369 41989.99191598632 
eil51_n15_m140_multiple-strongly-corr_10.ttp 4972 60931 87931 271 -48851.482298459625 39079.517701540375 
eil51_n16_m150_multiple-strongly-corr_10.ttp 4337 65748 93948 271 -46801.687833578995 47146.312166421005 
eil51_n17_m160_multiple-strongly-corr_10.ttp 12055 63376 93076 251 -54444.53004902794 38631.46995097206 
eil51_n18_m170_multiple-strongly-corr_10.ttp 1422 78671 111671 247 -50144.72410898043 61526.27589101956 
eil51_n19_m180_multiple-strongly-corr_10.ttp 4238 81593 115693 261 -51115.02328640643 64577.97671359358 
eil51_n20_m190_multiple-strongly-corr_10.ttp 7691 82389 117489 294 -65455.58905305884 52033.41094694116 
eil51_n05_m20_uncorr-similar-weights_01.ttp 81823 100092 984 169 -714.9852715060731 269.0147284939269 
eil51_n06_m25_uncorr-similar-weights_01.ttp 27251 200137 1939 129 -607.043888568001 1331.9561114319988 
eil51_n07_m30_uncorr-similar-weights_01.ttp 72684 200185 1979 167 -839.5321399099271 1139.4678600900731 
eil51_n08_m35_uncorr-similar-weights_01.ttp 18109 300230 2934 176 -927.2469109947644 2006.7530890052356 
eil51_n09_m40_uncorr-similar-weights_01.ttp 63586 300230 2934 208 -962.472261321027 1971.527738678973 
eil51_n10_m45_uncorr-similar-weights_01.ttp 8984 400310 3906 168 -896.4468995205548 3009.553100479445 
eil51_n11_m100_uncorr-similar-weights_01.ttp 9036 900522 8646 174 -1570.3131148613054 7075.686885138695 
eil51_n12_m110_uncorr-similar-weights_01.ttp 18 1000485 9652 183 -1812.461582047938 7839.5384179520615 
eil51_n13_m120_uncorr-similar-weights_01.ttp 90977 1000485 9652 212 -2608.4962514166955 7043.5037485833045 
eil51_n14_m130_uncorr-similar-weights_01.ttp 81916 1100507 10636 231 -2580.5855051135645 8055.414494886435 
eil51_n15_m140_uncorr-similar-weights_01.ttp 72779 1200593 11575 273 -2440.4419403445545 9134.558059655446 
eil51_n16_m150_uncorr-similar-weights_01.ttp 63610 1300713 12646 264 -3512.7433465221566 9133.256653477843 
eil51_n17_m160_uncorr-similar-weights_01.ttp 54527 1400737 13582 272 -2882.818803044357 10699.181196955642 
eil51_n18_m170_uncorr-similar-weights_01.ttp 45443 1500772 14505 254 -2444.9138261726457 12060.086173827354 
eil51_n19_m180_uncorr-similar-weights_01.ttp 36363 1600806 15453 269 -3177.0079989990018 12275.992001001 
eil51_n20_m190_uncorr-similar-weights_01.ttp 27262 1700854 16385 270 -3123.588915070488 13261.411084929512 
eil51_n05_m20_uncorr-similar-weights_06.ttp 91042 1000449 7180 193 -4124.004660014356 3055.995339985644 
eil51_n06_m25_uncorr-similar-weights_06.ttp 163774 1200544 8561 129 -2649.3921492273894 5911.60785077261 
eil51_n07_m30_uncorr-similar-weights_06.ttp 136543 1500674 10572 167 -2824.7848779481355 7747.215122051865 
eil51_n08_m35_uncorr-similar-weights_06.ttp 309375 1600687 11974 176 -4642.122383166069 7331.877616833932 
eil51_n09_m40_uncorr-similar-weights_06.ttp 182020 2000958 14569 208 -5067.595886336517 9501.404113663484 
eil51_n10_m45_uncorr-similar-weights_06.ttp 254787 2201033 15865 173 -5990.620955380629 9874.37904461937 
eil51_n11_m100_uncorr-similar-weights_06.ttp 154833 5302377 36112 181 -10443.538371704775 25668.461628295227 
eil51_n12_m110_uncorr-similar-weights_06.ttp 300385 5702571 40510 186 -9992.839064394313 30517.16093560569 
eil51_n13_m120_uncorr-similar-weights_06.ttp 645897 5902697 43444 227 -15911.11324837735 27532.88675162265 
eil51_n14_m130_uncorr-similar-weights_06.ttp 391325 6702973 49048 233 -14609.573261390768 34438.42673860923 
eil51_n15_m140_uncorr-similar-weights_06.ttp 536749 7103316 53143 290 -19751.207512605983 33391.79248739402 
eil51_n16_m150_uncorr-similar-weights_06.ttp 482236 7703561 56444 269 -18015.00086338893 38428.99913661108 
eil51_n17_m160_uncorr-similar-weights_06.ttp 827861 7903646 57841 307 -24253.677095226107 33587.322904773886 
eil51_n18_m170_uncorr-similar-weights_06.ttp 373225 8904038 63892 280 -19667.957267938928 44224.042732061076 
eil51_n19_m180_uncorr-similar-weights_06.ttp 618769 9204240 66666 280 -18699.32293311686 47966.67706688315 
eil51_n20_m190_uncorr-similar-weights_06.ttp 864224 9504526 69602 283 -23936.72862950115 45665.27137049886 
eil51_n05_m20_uncorr-similar-weights_10.ttp 218294 1600708 11590 176 -6024.174042559849 5565.82595744015 
eil51_n06_m25_uncorr-similar-weights_10.ttp 372910 1900715 14208 129 -5565.3715925155475 8642.628407484452 
eil51_n07_m30_uncorr-similar-weights_10.ttp 627538 2100833 15495 167 -7086.438481692261 8408.561518307737 
eil51_n08_m35_uncorr-similar-weights_10.ttp 1182244 2000817 15104 176 -10864.193868905222 4239.806131094778 
eil51_n09_m40_uncorr-similar-weights_10.ttp 636617 3001207 20184 208 -7908.202839245909 12275.797160754091 
eil51_n10_m45_uncorr-similar-weights_10.ttp 991312 3101197 21801 173 -12546.481036176383 9254.518963823617 
eil51_n11_m100_uncorr-similar-weights_10.ttp 2091823 7003040 46586 174 -22206.717555116167 24379.282444883833 
eil51_n12_m110_uncorr-similar-weights_10.ttp 2001042 8003496 51433 184 -21999.27360493422 29433.726395065773 
eil51_n13_m120_uncorr-similar-weights_10.ttp 2910613 8003696 53694 220 -30231.99483325565 23462.00516674435 
eil51_n14_m130_uncorr-similar-weights_10.ttp 2919708 8904122 57979 226 -30691.366264107062 27287.63373589294 
eil51_n15_m140_uncorr-similar-weights_10.ttp 2728717 10004604 63352 265 -37294.37753544848 26057.62246455152 
eil51_n16_m150_uncorr-similar-weights_10.ttp 2637695 11004981 68715 270 -33653.247377021034 35061.752622978966 
eil51_n17_m160_uncorr-similar-weights_10.ttp 3847444 10704842 69305 251 -46616.895104730385 22688.10489526962 
eil51_n18_m170_uncorr-similar-weights_10.ttp 3456368 12005298 76302 265 -39123.84853148218 37178.151468517804 
eil51_n19_m180_uncorr-similar-weights_10.ttp 3665509 12705613 81083 290 -34902.40910240747 46180.59089759253 
eil51_n20_m190_uncorr-similar-weights_10.ttp 4975186 12305358 83132 283 -52394.577764860594 30737.422235139406 
eil51_n05_m20_uncorr_01.ttp 146 838 3578 176 -1433.2035225742734 2144.796477425726 
eil51_n06_m25_uncorr_01.ttp 2 1128 5199 129 -1384.1936429012794 3814.8063570987206 
eil51_n07_m30_uncorr_01.ttp 106 1266 6073 167 -2280.0697563333315 3792.9302436666685 
eil51_n08_m35_uncorr_01.ttp 371 1141 6986 176 -3399.180057243798 3586.819942756202 
eil51_n09_m40_uncorr_01.ttp 64 1538 9749 208 -3683.0442000992966 6065.955799900703 
eil51_n10_m45_uncorr_01.ttp 336 1538 9749 168 -3739.568574466664 6009.431425533336 
eil51_n11_m100_uncorr_01.ttp 332 4247 17840 182 -5222.9297311142245 12617.070268885776 
eil51_n12_m110_uncorr_01.ttp 532 4604 18876 184 -5375.163606999497 13500.836393000503 
eil51_n13_m120_uncorr_01.ttp 847 4697 19066 232 -7853.893668223849 11212.106331776153 
eil51_n14_m130_uncorr_01.ttp 431 5610 21625 233 -7121.167673175705 14503.832326824293 
eil51_n15_m140_uncorr_01.ttp 104 6314 24074 285 -8236.698473152765 15837.301526847234 
eil51_n16_m150_uncorr_01.ttp 702 6198 25523 319 -9868.760103999948 15654.23989600005 
eil51_n17_m160_uncorr_01.ttp 629 6654 26379 251 -9614.6944656341 16764.305534365903 
eil51_n18_m170_uncorr_01.ttp 34 7674 29134 281 -9603.061914420972 19530.938085579026 
eil51_n19_m180_uncorr_01.ttp 572 7636 30040 310 -10061.40797027852 19978.592029721476 
eil51_n20_m190_uncorr_01.ttp 1793 6977 27264 255 -13045.405351629724 14218.59464837028 
eil51_n05_m20_uncorr_06.ttp 1072 4127 8500 193 -4194.825716330244 4305.174283669756 
eil51_n06_m25_uncorr_06.ttp 812 5296 10238 129 -2615.2238246118523 7622.776175388149 
eil51_n07_m30_uncorr_06.ttp 1041 6148 12041 167 -3377.3240612017235 8663.675938798277 
eil51_n08_m35_uncorr_06.ttp 1700 6986 13937 176 -5690.507134017351 8246.492865982647 
eil51_n09_m40_uncorr_06.ttp 1089 8825 16950 208 -4955.543256290683 11994.45674370932 
eil51_n10_m45_uncorr_06.ttp 2356 8414 17814 168 -6921.029271362088 10892.970728637913 
eil51_n11_m100_uncorr_06.ttp 1926 22609 40441 182 -12188.93767414913 28252.06232585087 
eil51_n12_m110_uncorr_06.ttp 2714 25340 45099 189 -13475.684569406014 31623.315430593986 
eil51_n13_m120_uncorr_06.ttp 4632 26506 46926 213 -18109.246663017595 28816.75333698241 
eil51_n14_m130_uncorr_06.ttp 3514 30632 52488 233 -17601.72680436698 34886.27319563302 
eil51_n15_m140_uncorr_06.ttp 3753 34012 55604 268 -23222.313040972145 32381.686959027855 
eil51_n16_m150_uncorr_06.ttp 2718 37245 62400 280 -22722.105149833602 39677.8948501664 
eil51_n17_m160_uncorr_06.ttp 9847 31620 59734 251 -29010.32497027294 30723.675029727056 
eil51_n18_m170_uncorr_06.ttp 3653 40559 70178 258 -24644.45610973159 45533.54389026841 
eil51_n19_m180_uncorr_06.ttp 5298 41484 73064 261 -23378.06171699913 49685.938283000876 
eil51_n20_m190_uncorr_06.ttp 9405 39964 73464 277 -30629.64838458977 42834.351615410225 
eil51_n05_m20_uncorr_10.ttp 2389 8727 9423 176 -5585.956739972888 3837.043260027113 
eil51_n06_m25_uncorr_10.ttp 2982 11135 12307 129 -4417.900828377324 7889.099171622676 
eil51_n07_m30_uncorr_10.ttp 3951 12114 14332 167 -6503.332553381801 7828.667446618199 
eil51_n08_m35_uncorr_10.ttp 6821 10512 14660 176 -9687.122320361696 4972.8776796383045 
eil51_n09_m40_uncorr_10.ttp 4088 16130 19131 208 -7122.441384552756 12008.558615447244 
eil51_n10_m45_uncorr_10.ttp 6835 16150 19890 168 -10654.932487715212 9235.067512284788 
eil51_n11_m100_uncorr_10.ttp 13078 34360 48461 174 -23421.260365413014 25039.739634586986 
eil51_n12_m110_uncorr_10.ttp 13226 37761 53595 183 -23197.948403561782 30397.051596438218 
eil51_n13_m120_uncorr_10.ttp 15597 40148 57157 250 -35935.49077566343 21221.509224336576 
eil51_n14_m130_uncorr_10.ttp 18690 40508 60804 233 -31895.505158803186 28908.494841196814 
eil51_n15_m140_uncorr_10.ttp 15883 47292 65932 265 -39194.36259194834 26737.637408051654 
eil51_n16_m150_uncorr_10.ttp 21398 46011 68546 269 -34995.78839866178 33550.21160133821 
eil51_n17_m160_uncorr_10.ttp 23208 48130 72488 251 -46359.38751066501 26128.61248933499 
eil51_n18_m170_uncorr_10.ttp 24264 51755 78338 258 -41475.93512755512 36862.06487244488 
eil51_n19_m180_uncorr_10.ttp 24014 56291 84932 260 -35965.58335703182 48966.41664296817 
eil51_n20_m190_uncorr_10.ttp 26965 59029 83445 255 -57660.44104458381 25784.558955416207 
eil51_n05_m40_multiple-strongly-corr_01.ttp 252 1840 3440 176 -1887.0459873492514 1552.9540126507486 
eil51_n06_m50_multiple-strongly-corr_01.ttp 224 2366 4566 129 -2203.1798005168207 2362.8201994831793 
eil51_n07_m60_multiple-strongly-corr_01.ttp 455 2508 5608 175 -3921.3939744136155 1686.606025586385 
eil51_n08_m70_multiple-strongly-corr_01.ttp 521 2907 6407 176 -5626.783894878188 780.2161051218112 
eil51_n09_m80_multiple-strongly-corr_01.ttp 690 3081 7281 217 -3569.598671660138 3711.4013283398626 
eil51_n10_m90_multiple-strongly-corr_01.ttp 831 3280 8180 168 -6218.37427620708 1961.625723792921 
eil51_n11_m10_multiple-strongly-corr_01.ttp 12 980 1580 188 -851.5044980085779 728.4955019914221 
eil51_n12_m11_multiple-strongly-corr_01.ttp 204 788 1388 192 -739.453688032264 648.546311967736 
eil51_n13_m12_multiple-strongly-corr_01.ttp 123 869 1469 218 -811.1796465925303 657.8203534074697 
eil51_n14_m13_multiple-strongly-corr_01.ttp 93 899 1499 228 -875.9964746032206 623.0035253967797 
eil51_n15_m14_multiple-strongly-corr_01.ttp 123 869 1469 263 -921.5807509090554 547.4192490909446 
eil51_n16_m15_multiple-strongly-corr_01.ttp 5 987 1787 255 -992.2552781422154 794.7447218577846 
eil51_n17_m16_multiple-strongly-corr_01.ttp 238 754 1554 244 -868.4351821475714 685.5648178524286 
eil51_n18_m17_multiple-strongly-corr_01.ttp 55 937 1737 262 -902.9694259787535 834.0305740212466 
eil51_n19_m18_multiple-strongly-corr_01.ttp 5 987 1787 268 -876.7714408028127 910.2285591971875 
eil51_n20_m19_multiple-strongly-corr_01.ttp 57 937 1737 257 -1218.8113176524264 518.1886823475736 
eil51_n05_m40_multiple-strongly-corr_06.ttp 1018 10527 16127 176 -7690.276743404321 8436.72325659568 
eil51_n06_m50_multiple-strongly-corr_06.ttp 815 13201 20101 129 -7778.921785217407 12322.078214782592 
eil51_n07_m60_multiple-strongly-corr_06.ttp 1311 15043 22743 184 -11483.842008434263 11259.157991565737 
eil51_n08_m70_multiple-strongly-corr_06.ttp 4016 14740 24240 176 -18000.67021380673 6239.329786193266 
eil51_n09_m80_multiple-strongly-corr_06.ttp 1053 20748 31848 208 -12913.116000292563 18934.88399970744 
eil51_n10_m90_multiple-strongly-corr_06.ttp 5913 19051 31151 168 -20390.988372506836 10760.011627493164 
eil51_n11_m10_multiple-strongly-corr_06.ttp 65 2736 4136 189 -2236.6640688452203 1899.3359311547804 
eil51_n12_m11_multiple-strongly-corr_06.ttp 274 2970 4370 202 -1956.3794289303637 2413.620571069636 
eil51_n13_m12_multiple-strongly-corr_06.ttp 300 3159 4759 249 -3163.413861673177 1595.5861383268227 
eil51_n14_m13_multiple-strongly-corr_06.ttp 341 3310 4910 228 -2727.530100626833 2182.469899373167 
eil51_n15_m14_multiple-strongly-corr_06.ttp 221 3574 5474 273 -3507.2132123202964 1966.7867876797036 
eil51_n16_m15_multiple-strongly-corr_06.ttp 277 3779 5879 264 -3010.7680211989823 2868.2319788010186 
eil51_n17_m16_multiple-strongly-corr_06.ttp 223 3960 6360 251 -4058.6299751753263 2301.3700248246737 
eil51_n18_m17_multiple-strongly-corr_06.ttp 210 4172 6572 254 -3767.3545338018603 2804.6454661981397 
eil51_n19_m18_multiple-strongly-corr_06.ttp 171 4673 7273 271 -3745.21908635037 3527.7809136496307 
eil51_n20_m19_multiple-strongly-corr_06.ttp 628 4627 7027 262 -4405.499674148521 2621.500325851479 
eil51_n05_m40_multiple-strongly-corr_10.ttp 1820 16950 24350 176 -11922.219853147759 12427.780146852238 
eil51_n06_m50_multiple-strongly-corr_10.ttp 955 22191 31791 129 -11182.84264653864 20608.15735346136 
eil51_n07_m60_multiple-strongly-corr_10.ttp 1587 27219 38419 167 -16751.774463456986 21667.225536543014 
eil51_n08_m70_multiple-strongly-corr_10.ttp 6046 28462 40162 176 -27090.94094314809 13071.05905685191 
eil51_n09_m80_multiple-strongly-corr_10.ttp 1826 37884 53384 208 -20806.088419178996 32577.911580821 
eil51_n10_m90_multiple-strongly-corr_10.ttp 5082 39453 56453 173 -28693.76341707015 27759.236582929854 
eil51_n11_m10_multiple-strongly-corr_10.ttp 239 4462 6262 181 -3332.501018765776 2929.498981234224 
eil51_n12_m11_multiple-strongly-corr_10.ttp 410 4640 6440 183 -3230.79393591211 3209.20606408789 
eil51_n13_m12_multiple-strongly-corr_10.ttp 579 4553 6553 212 -3753.4978260785465 2799.5021739214544 
eil51_n14_m13_multiple-strongly-corr_10.ttp 360 5582 7782 230 -4103.567650943378 3678.4323490566226 
eil51_n15_m14_multiple-strongly-corr_10.ttp 830 5238 7738 270 -4257.185080065887 3480.8149199341137 
eil51_n16_m15_multiple-strongly-corr_10.ttp 245 6215 9115 270 -4687.795961899917 4427.204038100083 
eil51_n17_m16_multiple-strongly-corr_10.ttp 625 5940 8840 265 -5129.43456384196 3710.565436158039 
eil51_n18_m17_multiple-strongly-corr_10.ttp 248 6788 9888 258 -4642.604272965428 5245.395727034572 
eil51_n19_m18_multiple-strongly-corr_10.ttp 473 7030 10330 258 -4496.427871206724 5833.572128793274 
eil51_n20_m19_multiple-strongly-corr_10.ttp 961 7425 10725 268 -5659.715909455499 5065.284090544503 
eil51_n05_m40_uncorr-similar-weights_01.ttp 63586 300230 2934 169 -1639.8852744928374 1294.1147255071626 
eil51_n06_m50_uncorr-similar-weights_01.ttp 54458 400310 3906 129 -1221.4048483950512 2684.5951516049486 
eil51_n07_m60_uncorr-similar-weights_01.ttp 45401 500320 4894 167 -1314.898614001446 3579.101385998554 
eil51_n08_m70_uncorr-similar-weights_01.ttp 36332 600344 5830 176 -1843.784880207209 3986.215119792791 
eil51_n09_m80_uncorr-similar-weights_01.ttp 27217 700429 6822 208 -1428.4384548616645 5393.5615451383355 
eil51_n10_m90_uncorr-similar-weights_01.ttp 18139 800464 7745 168 -1776.8979466193546 5968.102053380646 
eil51_n11_m10_uncorr-similar-weights_01.ttp 48 100045 955 174 -166.07574135787115 788.9242586421287 
eil51_n12_m11_uncorr-similar-weights_01.ttp 48 100045 955 183 -180.8925690126834 774.1074309873167 
eil51_n13_m12_uncorr-similar-weights_01.ttp 9097 100045 955 211 -258.48336308666865 696.5166369133314 
eil51_n14_m13_uncorr-similar-weights_01.ttp 18194 100045 955 222 -291.4881451141018 663.5118548858982 
eil51_n15_m14_uncorr-similar-weights_01.ttp 27294 100045 955 263 -324.30111452203175 630.6988854779682 
eil51_n16_m15_uncorr-similar-weights_01.ttp 36386 100045 955 258 -435.55255989911734 519.4474401008827 
eil51_n17_m16_uncorr-similar-weights_01.ttp 45480 100045 955 251 -408.858909875731 546.1410901242689 
eil51_n18_m17_uncorr-similar-weights_01.ttp 54574 100045 955 250 -438.99433038859684 516.005669611403 
eil51_n19_m18_uncorr-similar-weights_01.ttp 63671 100045 955 265 -505.82367164118335 449.17632835881665 
eil51_n20_m19_uncorr-similar-weights_01.ttp 72770 100045 955 261 -515.0483074497581 439.9516925502419 
eil51_n05_m40_uncorr-similar-weights_06.ttp 182020 2000958 14569 193 -7122.632201329832 7446.367798670168 
eil51_n06_m50_uncorr-similar-weights_06.ttp 227521 2501141 18303 129 -4800.878368346241 13502.12163165376 
eil51_n07_m60_uncorr-similar-weights_06.ttp 272990 3001331 21108 167 -5660.076082165705 15447.923917834298 
eil51_n08_m70_uncorr-similar-weights_06.ttp 618578 3201522 23300 176 -9052.211034953374 14247.788965046626 
eil51_n09_m80_uncorr-similar-weights_06.ttp 363974 4001784 28607 208 -8932.347181433297 19674.6528185667 
eil51_n10_m90_uncorr-similar-weights_06.ttp 409501 4502033 31533 173 -10925.730666697891 20607.269333302112 
eil51_n11_m10_uncorr-similar-weights_06.ttp 45550 500191 3847 182 -1463.177188481371 2383.822811518629 
eil51_n12_m11_uncorr-similar-weights_06.ttp 75 600218 4386 185 -1217.2981706833452 3168.7018293166548 
eil51_n13_m12_uncorr-similar-weights_06.ttp 54671 600218 4386 211 -1942.0598598379922 2443.940140162008 
eil51_n14_m13_uncorr-similar-weights_06.ttp 9192 700270 5324 226 -1692.4269295020597 3631.5730704979405 
eil51_n15_m14_uncorr-similar-weights_06.ttp 63772 700270 5324 283 -2476.5927071698434 2847.4072928301566 
eil51_n16_m15_uncorr-similar-weights_06.ttp 18283 800346 6175 257 -2068.6934493918893 4106.30655060811 
eil51_n17_m16_uncorr-similar-weights_06.ttp 72847 800346 6175 244 -3122.124102845918 3052.875897154082 
eil51_n18_m17_uncorr-similar-weights_06.ttp 27375 900397 6661 249 -2082.4763896824093 4578.52361031759 
eil51_n19_m18_uncorr-similar-weights_06.ttp 81947 900397 6661 280 -2670.490150357042 3990.509849642958 
eil51_n20_m19_uncorr-similar-weights_06.ttp 136519 900398 6694 275 -2401.5315807226993 4292.468419277301 
eil51_n05_m40_uncorr-similar-weights_10.ttp 636617 3001207 20184 176 -10201.393730460935 9982.606269539066 
eil51_n06_m50_uncorr-similar-weights_10.ttp 645737 3901545 25634 129 -9390.307601983528 16243.692398016472 
eil51_n07_m60_uncorr-similar-weights_10.ttp 1155110 4301823 29423 167 -13667.64709663668 15755.35290336332 
eil51_n08_m70_uncorr-similar-weights_10.ttp 2164384 4201969 30874 176 -22377.3253093681 8496.674690631899 
eil51_n09_m80_uncorr-similar-weights_10.ttp 1273321 6002589 39660 208 -15488.020836733123 24171.97916326688 
eil51_n10_m90_uncorr-similar-weights_10.ttp 1982590 6202681 42473 173 -23773.47944199239 18699.520558007607 
eil51_n11_m10_uncorr-similar-weights_10.ttp 209155 700265 5847 174 -2885.785736099339 2961.2142639006606 
eil51_n12_m11_uncorr-similar-weights_10.ttp 200056 800347 6547 183 -2908.7307311393743 3638.2692688606257 
eil51_n13_m12_uncorr-similar-weights_10.ttp 290999 800395 6817 216 -4552.312678295862 2264.687321704138 
eil51_n14_m13_uncorr-similar-weights_10.ttp 281948 900437 7398 222 -4283.696687236057 3114.303312763943 
eil51_n15_m14_uncorr-similar-weights_10.ttp 272801 1000527 7930 267 -5179.484588722086 2750.5154112779137 
eil51_n16_m15_uncorr-similar-weights_10.ttp 263707 1100557 8423 254 -4474.788669303217 3948.2113306967835 
eil51_n17_m16_uncorr-similar-weights_10.ttp 254667 1200520 8935 253 -6844.177525147469 2090.8224748525304 
eil51_n18_m17_uncorr-similar-weights_10.ttp 345539 1200572 9332 247 -4955.011681118178 4376.988318881821 
eil51_n19_m18_uncorr-similar-weights_10.ttp 236430 1400602 10272 300 -5152.442845938341 5119.557154061659 
eil51_n20_m19_uncorr-similar-weights_10.ttp 327403 1400602 10272 258 -6775.657721402993 3496.342278597006 
eil51_n05_m40_uncorr_01.ttp 189 1413 9462 176 -5066.960639247845 4395.039360752154 
eil51_n06_m50_uncorr_01.ttp 181 1954 11599 129 -2911.796925303228 8687.203074696774 
eil51_n07_m60_uncorr_01.ttp 214 2421 13232 167 -3958.661560711762 9273.33843928824 
eil51_n08_m70_uncorr_01.ttp 633 2511 14032 176 -5368.554973660441 8663.44502633956 
eil51_n09_m80_uncorr_01.ttp 553 3132 15314 208 -4323.69267240643 10990.307327593571 
eil51_n10_m90_uncorr_01.ttp 670 3393 15996 168 -5790.512981061156 10205.487018938844 
eil51_n11_m10_uncorr_01.ttp 169 786 2098 182 -801.7673377478088 1296.232662252191 
eil51_n12_m11_uncorr_01.ttp 160 795 2889 183 -1171.3005373781077 1717.6994626218923 
eil51_n13_m12_uncorr_01.ttp 160 795 2889 211 -1277.11627909472 1611.88372090528 
eil51_n14_m13_uncorr_01.ttp 38 917 3556 222 -1031.2049112931586 2524.7950887068414 
eil51_n15_m14_uncorr_01.ttp 14 941 3927 263 -1534.00370352394 2392.9962964760603 
eil51_n16_m15_uncorr_01.ttp 39 916 3668 252 -1177.111455974869 2490.888544025131 
eil51_n17_m16_uncorr_01.ttp 18 937 3921 251 -1648.8306443308686 2272.1693556691316 
eil51_n18_m17_uncorr_01.ttp 18 937 3921 264 -1299.07918753423 2621.9208124657703 
eil51_n19_m18_uncorr_01.ttp 266 689 3505 273 -975.2480762580035 2529.751923741996 
eil51_n20_m19_uncorr_01.ttp 21 934 3832 269 -1909.3927714900774 1922.6072285099226 
eil51_n05_m40_uncorr_06.ttp 1325 8589 16273 176 -5972.850910122112 10300.149089877888 
eil51_n06_m50_uncorr_06.ttp 1356 11227 20362 129 -5508.910994371941 14853.089005628055 
eil51_n07_m60_uncorr_06.ttp 1449 13036 23864 167 -6767.370196196183 17096.62980380382 
eil51_n08_m70_uncorr_06.ttp 3505 13769 25251 176 -11082.444252187728 14168.555747812268 
eil51_n09_m80_uncorr_06.ttp 1800 18572 31690 208 -9590.395071467718 22099.60492853228 
eil51_n10_m90_uncorr_06.ttp 3473 18805 35220 168 -13024.00664415492 22195.99335584508 
eil51_n11_m10_uncorr_06.ttp 605 2582 4313 174 -2202.296423720808 2110.703576279192 
eil51_n12_m11_uncorr_06.ttp 444 2936 5126 183 -2351.4007638618023 2774.5992361381977 
eil51_n13_m12_uncorr_06.ttp 436 2953 5519 215 -3155.2851273762117 2363.7148726237883 
eil51_n14_m13_uncorr_06.ttp 948 2953 5519 226 -1520.018410356446 3998.981589643553 
eil51_n15_m14_uncorr_06.ttp 921 3011 5783 277 -3011.0535688093805 2771.9464311906195 
eil51_n16_m15_uncorr_06.ttp 534 3862 6260 255 -2999.6595124978985 3260.3404875021015 
eil51_n17_m16_uncorr_06.ttp 1579 3011 5783 258 -2378.856982983951 3404.1430170160484 
eil51_n18_m17_uncorr_06.ttp 665 4001 6624 256 -3009.7714461373907 3614.2285538626097 
eil51_n19_m18_uncorr_06.ttp 955 3959 7229 260 -2546.5254683244857 4682.474531675513 
eil51_n20_m19_uncorr_06.ttp 1074 4123 7748 276 -3897.9579868289925 3850.042013171008 
eil51_n05_m40_uncorr_10.ttp 3591 16627 19347 176 -9566.940906135449 9780.059093864551 
eil51_n06_m50_uncorr_10.ttp 4524 20685 23681 129 -7922.059739127279 15758.940260872721 
eil51_n07_m60_uncorr_10.ttp 6134 24008 29000 167 -12172.288709232627 16827.711290767373 
eil51_n08_m70_uncorr_10.ttp 12859 22190 31801 176 -21140.66675792371 10660.33324207629 
eil51_n09_m80_uncorr_10.ttp 8767 31071 39945 208 -14638.741702130916 25306.258297869084 
eil51_n10_m90_uncorr_10.ttp 14157 30257 42408 168 -22075.84954112077 20332.150458879238 
eil51_n11_m10_uncorr_10.ttp 1105 5250 4679 174 -2248.5982508675665 2430.401749132433 
eil51_n12_m11_uncorr_10.ttp 1469 5522 4844 183 -2111.1809052127587 2732.8190947872413 
eil51_n13_m12_uncorr_10.ttp 1815 5950 5062 216 -2923.5825095902464 2138.4174904097536 
eil51_n14_m13_uncorr_10.ttp 2195 6054 5735 222 -2983.5047224242685 2751.4952775757315 
eil51_n15_m14_uncorr_10.ttp 1753 6630 6091 283 -3329.7045295235525 2761.2954704764475 
eil51_n16_m15_uncorr_10.ttp 1708 7123 6522 255 -2920.9227705463536 3601.0772294536464 
eil51_n17_m16_uncorr_10.ttp 2963 6695 6304 259 -4203.176906008471 2100.8230939915297 
eil51_n18_m17_uncorr_10.ttp 2521 7272 7040 247 -3855.619504965759 3184.380495034241 
eil51_n19_m18_uncorr_10.ttp 2475 7784 7554 282 -3808.0192089016273 3745.9807910983723 
eil51_n20_m19_uncorr_10.ttp 2973 7323 7964 275 -5272.112781022162 2691.8872189778376 
eil51_n05_m4_multiple-strongly-corr_01.ttp 70 922 1322 176 -702.7726364815396 619.2273635184604 
eil51_n06_m5_multiple-strongly-corr_01.ttp 249 743 1143 129 -518.8959555487714 624.1040444512286 
eil51_n07_m6_multiple-strongly-corr_01.ttp 245 747 1347 167 -740.4960332631215 606.5039667368785 
eil51_n08_m7_multiple-strongly-corr_01.ttp 245 747 1347 176 -781.8740374100468 565.1259625899531 
eil51_n09_m8_multiple-strongly-corr_01.ttp 245 747 1347 218 -574.5988682208631 772.4011317791369 
eil51_n10_m9_multiple-strongly-corr_01.ttp 245 747 1347 168 -773.1033549458375 573.8966450541625 
eil51_n11_m50_multiple-strongly-corr_01.ttp 674 1916 4116 174 -2986.2180688029807 1129.7819311970197 
eil51_n12_m55_multiple-strongly-corr_01.ttp 520 2234 4834 183 -3582.2204997170365 1251.7795002829632 
eil51_n13_m60_multiple-strongly-corr_01.ttp 455 2508 5608 211 -4515.462954697566 1092.5370453024343 
eil51_n14_m65_multiple-strongly-corr_01.ttp 397 2772 6072 222 -5279.2061196303075 792.7938803696926 
eil51_n15_m70_multiple-strongly-corr_01.ttp 521 2907 6407 257 -5486.6282041502645 920.3717958497351 
eil51_n16_m75_multiple-strongly-corr_01.ttp 784 2771 6471 243 -5174.05850723265 1296.9414927673486 
eil51_n17_m80_multiple-strongly-corr_01.ttp 690 3081 7281 244 -5915.848564188699 1365.1514358113 
eil51_n18_m85_multiple-strongly-corr_01.ttp 618 3280 8180 253 -6319.49198211185 1860.50801788815 
eil51_n19_m90_multiple-strongly-corr_01.ttp 1120 2991 7691 252 -5175.1436935286665 2515.8563064713335 
eil51_n20_m95_multiple-strongly-corr_01.ttp 537 3787 9187 255 -7766.993066633021 1420.0069333669796 
eil51_n05_m4_multiple-strongly-corr_06.ttp 125 1455 1855 176 -654.2338110883538 1200.7661889116462 
eil51_n06_m5_multiple-strongly-corr_06.ttp 283 1563 1963 129 -859.3196295757446 1103.6803704242554 
eil51_n07_m6_multiple-strongly-corr_06.ttp 232 1674 2274 167 -1153.5341574216386 1120.4658425783616 
eil51_n08_m7_multiple-strongly-corr_06.ttp 480 1933 2733 176 -1589.6172578815529 1143.3827421184474 
eil51_n09_m8_multiple-strongly-corr_06.ttp 124 2421 3421 234 -1325.4390295738283 2095.5609704261715 
eil51_n10_m9_multiple-strongly-corr_06.ttp 150 2528 3728 193 -2293.5294553465224 1434.4705446534776 
eil51_n11_m50_multiple-strongly-corr_06.ttp 523 13493 19993 179 -10122.807207696018 9870.19279230398 
eil51_n12_m55_multiple-strongly-corr_06.ttp 1139 13992 21592 202 -10715.823904829373 10876.176095170627 
eil51_n13_m60_multiple-strongly-corr_06.ttp 3272 13082 21082 215 -13923.873878245933 7158.126121754062 
eil51_n14_m65_multiple-strongly-corr_06.ttp 1350 16116 24616 249 -14095.673971109622 10520.326028890378 
eil51_n15_m70_multiple-strongly-corr_06.ttp 2788 15968 25868 271 -17769.69671046429 8098.303289535712 
eil51_n16_m75_multiple-strongly-corr_06.ttp 1195 18789 29789 278 -15938.335261267242 13850.664738732758 
eil51_n17_m80_multiple-strongly-corr_06.ttp 4629 17172 28172 244 -19145.074598418298 9026.925401581702 
eil51_n18_m85_multiple-strongly-corr_06.ttp 1176 21756 33756 254 -18199.80284948288 15556.197150517119 
eil51_n19_m90_multiple-strongly-corr_06.ttp 2357 22607 34807 265 -17273.527165546802 17533.472834453198 
eil51_n20_m95_multiple-strongly-corr_06.ttp 4501 21695 34595 270 -23611.406068318658 10983.59393168134 
eil51_n05_m4_multiple-strongly-corr_10.ttp 584 1649 2249 176 -1501.4767897491686 747.5232102508312 
eil51_n06_m5_multiple-strongly-corr_10.ttp 466 1965 2765 129 -932.974864613926 1832.0251353860742 
eil51_n07_m6_multiple-strongly-corr_10.ttp 441 2246 3246 167 -1262.8642971498396 1983.1357028501604 
eil51_n08_m7_multiple-strongly-corr_10.ttp 499 2582 3782 176 -2842.7101477817205 939.2898522182793 
eil51_n09_m8_multiple-strongly-corr_10.ttp 349 3252 4652 208 -1934.6312800263418 2717.368719973658 
eil51_n10_m9_multiple-strongly-corr_10.ttp 416 3497 5097 173 -2783.922711467233 2313.077288532767 
eil51_n11_m50_multiple-strongly-corr_10.ttp 852 22294 31694 181 -14363.449401145197 17330.550598854803 
eil51_n12_m55_multiple-strongly-corr_10.ttp 1537 24742 35042 183 -15680.021097215853 19361.978902784147 
eil51_n13_m60_multiple-strongly-corr_10.ttp 2871 25935 36735 216 -20503.29160767349 16231.708392326509 
eil51_n14_m65_multiple-strongly-corr_10.ttp 1364 29501 41701 226 -19871.33802497249 21829.66197502751 
eil51_n15_m70_multiple-strongly-corr_10.ttp 3406 31102 44402 267 -24346.8519242057 20055.1480757943 
eil51_n16_m75_multiple-strongly-corr_10.ttp 2402 34322 48222 269 -24182.787102067054 24039.212897932946 
eil51_n17_m80_multiple-strongly-corr_10.ttp 5932 33778 48678 251 -28995.4059657869 19682.594034213103 
eil51_n18_m85_multiple-strongly-corr_10.ttp 2174 39807 55907 258 -26997.229557308856 28909.770442691137 
eil51_n19_m90_multiple-strongly-corr_10.ttp 2611 41924 58624 279 -27130.40593188676 31493.59406811324 
eil51_n20_m95_multiple-strongly-corr_10.ttp 5820 40296 57796 266 -31667.476845017412 26128.52315498258 
eil51_n05_m4_uncorr-similar-weights_01.ttp 2 100091 421 176 -121.7186905534856 299.2813094465144 
eil51_n06_m5_uncorr-similar-weights_01.ttp 0 100093 485 129 -100.85999999999996 384.14000000000004 
eil51_n07_m6_uncorr-similar-weights_01.ttp 57 100036 795 167 -156.64227024233142 638.3577297576686 
eil51_n08_m7_uncorr-similar-weights_01.ttp 57 100036 795 176 -212.51060175337443 582.4893982466256 
eil51_n09_m8_uncorr-similar-weights_01.ttp 79 100014 845 208 -150.45448275862066 694.5455172413793 
eil51_n10_m9_uncorr-similar-weights_01.ttp 48 100045 955 168 -201.76974434220344 753.2302556577965 
eil51_n11_m50_uncorr-similar-weights_01.ttp 54458 400310 3906 174 -1083.3923485273417 2822.6076514726583 
eil51_n12_m55_uncorr-similar-weights_01.ttp 2 500247 4648 185 -913.1054364416478 3734.8945635583523 
eil51_n13_m60_uncorr-similar-weights_01.ttp 45401 500320 4894 211 -1316.842573323693 3577.157426676307 
eil51_n14_m65_uncorr-similar-weights_01.ttp 90880 500320 4894 226 -1517.5882343590329 3376.411765640967 
eil51_n15_m70_uncorr-similar-weights_01.ttp 36332 600344 5830 273 -1228.7769165586506 4601.22308344135 
eil51_n16_m75_uncorr-similar-weights_01.ttp 81814 600344 5830 263 -2000.9140003213242 3829.0859996786758 
eil51_n17_m80_uncorr-similar-weights_01.ttp 27217 700429 6822 266 -1423.3137075345317 5398.686292465469 
eil51_n18_m85_uncorr-similar-weights_01.ttp 72698 700429 6822 254 -1570.1053174823603 5251.89468251764 
eil51_n19_m90_uncorr-similar-weights_01.ttp 18139 800464 7745 269 -1592.6970910444302 6152.302908955569 
eil51_n20_m95_uncorr-similar-weights_01.ttp 63615 800464 7745 262 -1900.3664883616398 5844.63351163836 
eil51_n05_m4_uncorr-similar-weights_06.ttp 18218 200123 1072 193 -615.7893551056818 456.2106448943182 
eil51_n06_m5_uncorr-similar-weights_06.ttp 72811 200123 1072 129 -528.4328698162702 543.5671301837299 
eil51_n07_m6_uncorr-similar-weights_06.ttp 27352 300133 2008 167 -674.6218985516437 1333.3781014483566 
eil51_n08_m7_uncorr-similar-weights_06.ttp 81936 300109 2061 176 -1237.8739476548856 823.1260523451144 
eil51_n09_m8_uncorr-similar-weights_06.ttp 36463 400150 3015 208 -1230.7697319017884 1784.2302680982116 
eil51_n10_m9_uncorr-similar-weights_06.ttp 91015 400167 3151 168 -1687.258734848782 1463.741265151218 
eil51_n11_m50_uncorr-similar-weights_06.ttp 127474 2601188 18757 182 -5285.108899425466 13471.891100574532 
eil51_n12_m55_uncorr-similar-weights_06.ttp 200257 2801262 19883 183 -4697.083330966625 15185.916669033379 
eil51_n13_m60_uncorr-similar-weights_06.ttp 373034 2901287 20677 219 -7613.729847846661 13063.270152153338 
eil51_n14_m65_uncorr-similar-weights_06.ttp 245701 3301475 22706 241 -6793.2798454882595 15912.720154511739 
eil51_n15_m70_uncorr-similar-weights_06.ttp 318433 3501667 24617 287 -8844.070209584443 15772.929790415554 
eil51_n16_m75_uncorr-similar-weights_06.ttp 191131 3901776 27300 279 -9291.114607193962 18008.885392806038 
eil51_n17_m80_uncorr-similar-weights_06.ttp 463978 3901780 28147 265 -12449.320788756919 15697.679211243078 
eil51_n18_m85_uncorr-similar-weights_06.ttp 136646 4502039 31196 273 -9550.262208693897 21645.737791306103 
eil51_n19_m90_uncorr-similar-weights_06.ttp 309486 4602048 31958 283 -9032.041900673712 22925.958099326286 
eil51_n20_m95_uncorr-similar-weights_06.ttp 482221 4702177 32380 284 -11633.158986267857 20746.84101373214 
eil51_n05_m4_uncorr-similar-weights_10.ttp 63640 300044 2441 176 -1724.7491133305407 716.2508866694592 
eil51_n06_m5_uncorr-similar-weights_10.ttp 54548 400061 2869 129 -1446.8204089008154 1422.1795910991846 
eil51_n07_m6_uncorr-similar-weights_10.ttp 145466 400124 3371 167 -1742.8614875686833 1628.1385124313167 
eil51_n08_m7_uncorr-similar-weights_10.ttp 236399 400131 3572 176 -2823.4337877563885 748.5662122436114 
eil51_n09_m8_uncorr-similar-weights_10.ttp 127329 600174 4724 208 -2075.153198934497 2648.846801065503 
eil51_n10_m9_uncorr-similar-weights_10.ttp 218251 600199 4877 173 -2818.160371064328 2058.839628935672 
eil51_n11_m50_uncorr-similar-weights_10.ttp 1045917 3501365 24249 174 -11751.387658975218 12497.61234102478 
eil51_n12_m55_uncorr-similar-weights_10.ttp 1000461 4001677 26733 184 -11694.685798378234 15038.31420162177 
eil51_n13_m60_uncorr-similar-weights_10.ttp 1455164 4001769 28273 216 -16270.023220766656 12002.976779233344 
eil51_n14_m65_uncorr-similar-weights_10.ttp 1409725 4501899 31297 235 -17801.131975715456 13495.868024284548 
eil51_n15_m70_uncorr-similar-weights_10.ttp 1364236 5002117 34041 272 -20721.719478630766 13319.280521369234 
eil51_n16_m75_uncorr-similar-weights_10.ttp 1118713 5702397 38218 254 -20022.047739083613 18195.95226091639 
eil51_n17_m80_uncorr-similar-weights_10.ttp 1673367 5602543 37734 251 -26684.82411727911 11049.17588272089 
eil51_n18_m85_uncorr-similar-weights_10.ttp 1627988 6102643 41083 268 -22744.81277067247 18338.187229327526 
eil51_n19_m90_uncorr-similar-weights_10.ttp 1782568 6402703 43177 280 -20077.07838164118 23099.921618358818 
eil51_n20_m95_uncorr-similar-weights_10.ttp 1937197 6702923 44787 257 -28473.683692345894 16313.316307654113 
eil51_n05_m4_uncorr_01.ttp 64 421 992 169 -525.0709236569273 466.9290763430726 
eil51_n06_m5_uncorr_01.ttp 64 421 992 129 -321.0278793590952 670.9721206409049 
eil51_n07_m6_uncorr_01.ttp 52 743 1641 167 -439.2624703087886 1201.7375296912114 
eil51_n08_m7_uncorr_01.ttp 9 786 2098 176 -781.6747911351633 1316.325208864837 
eil51_n09_m8_uncorr_01.ttp 59 786 2098 208 -746.2394560025557 1351.7605439974443 
eil51_n10_m9_uncorr_01.ttp 169 786 2098 168 -972.2845455682098 1125.7154544317902 
eil51_n11_m50_uncorr_01.ttp 147 1988 11465 174 -3268.787520440494 8196.212479559508 
eil51_n12_m55_uncorr_01.ttp 166 2179 12525 183 -3686.987710501355 8838.012289498645 
eil51_n13_m60_uncorr_01.ttp 359 2276 12813 212 -4502.512707100608 8310.487292899394 
eil51_n14_m65_uncorr_01.ttp 309 2511 14032 226 -3705.5044171740733 10326.495582825926 
eil51_n15_m70_uncorr_01.ttp 212 2932 14759 268 -4850.334092561094 9908.665907438904 
eil51_n16_m75_uncorr_01.ttp 239 3132 15314 259 -5151.589308733168 10162.410691266832 
eil51_n17_m80_uncorr_01.ttp 279 3406 14975 251 -5824.086494394398 9150.9135056056 
eil51_n18_m85_uncorr_01.ttp 140 3725 16333 278 -5199.269493131807 11133.730506868194 
eil51_n19_m90_uncorr_01.ttp 422 3641 16180 273 -4887.337468359105 11292.662531640895 
eil51_n20_m95_uncorr_01.ttp 379 3963 16829 284 -5829.2202607288145 10999.779739271185 
eil51_n05_m4_uncorr_06.ttp 304 617 1472 176 -662.4769082207354 809.5230917792646 
eil51_n06_m5_uncorr_06.ttp 143 971 1960 129 -687.0738850716815 1272.9261149283188 
eil51_n07_m6_uncorr_06.ttp 67 1557 2733 167 -1465.800351934483 1267.199648065517 
eil51_n08_m7_uncorr_06.ttp 408 1510 2888 176 -1713.5138362925227 1174.4861637074769 
eil51_n09_m8_uncorr_06.ttp 343 2096 3661 208 -1688.1299857294189 1972.8700142705811 
eil51_n10_m9_uncorr_06.ttp 579 2228 3825 168 -2027.3439115188507 1797.6560884811493 
eil51_n11_m50_uncorr_06.ttp 1356 11227 20362 174 -6364.646092275404 13997.353907724597 
eil51_n12_m55_uncorr_06.ttp 1161 12268 22468 183 -6133.697208553177 16334.302791446824 
eil51_n13_m60_uncorr_06.ttp 1993 12492 23337 212 -8377.656429911294 14959.343570088704 
eil51_n14_m65_uncorr_06.ttp 1638 13906 25213 230 -8371.944562823523 16841.055437176477 
eil51_n15_m70_uncorr_06.ttp 2071 15203 26473 283 -10504.72620883033 15968.273791169668 
eil51_n16_m75_uncorr_06.ttp 1244 17557 29381 267 -10211.012608635403 19169.9873913646 
eil51_n17_m80_uncorr_06.ttp 4184 16188 28520 251 -13317.011422012622 15202.988577987378 
eil51_n18_m85_uncorr_06.ttp 1641 19803 33597 262 -11415.062048158718 22181.937951841286 
eil51_n19_m90_uncorr_06.ttp 2277 20001 36181 260 -11008.220056639691 25172.77994336031 
eil51_n20_m95_uncorr_06.ttp 2959 19959 37404 286 -14925.968770051782 22478.031229948218 
eil51_n05_m4_uncorr_10.ttp 551 2046 2245 176 -1707.5834048510956 537.4165951489045 
eil51_n06_m5_uncorr_10.ttp 512 2474 2463 129 -1237.3645077341382 1225.6354922658616 
eil51_n07_m6_uncorr_10.ttp 1357 2474 2463 167 -1190.1015044678388 1272.898495532161 
eil51_n08_m7_uncorr_10.ttp 1701 2971 2679 176 -1874.2248736849983 804.7751263150018 
eil51_n09_m8_uncorr_10.ttp 1246 3699 3469 208 -1507.6401357405525 1961.3598642594475 
eil51_n10_m9_uncorr_10.ttp 1621 3852 3594 168 -2089.7681704459987 1504.2318295540017 
eil51_n11_m50_uncorr_10.ttp 5891 19318 22947 174 -10756.302229124753 12190.697770875247 
eil51_n12_m55_uncorr_10.ttp 6646 20614 25959 183 -11365.953393858053 14593.046606141943 
eil51_n13_m60_uncorr_10.ttp 8321 21821 27461 250 -16780.529905743704 10680.470094256294 
eil51_n14_m65_uncorr_10.ttp 9289 23412 29983 233 -15414.365381002737 14568.634618997265 
eil51_n15_m70_uncorr_10.ttp 7755 27294 34721 270 -20464.581526171427 14256.418473828575 
eil51_n16_m75_uncorr_10.ttp 10857 27465 35604 267 -17562.500112215297 18041.4998877847 
eil51_n17_m80_uncorr_10.ttp 11701 28137 37479 251 -24569.33527599397 12909.664724006027 
eil51_n18_m85_uncorr_10.ttp 11819 30469 40666 258 -21175.802233387098 19490.197766612902 
eil51_n19_m90_uncorr_10.ttp 11606 32808 43835 260 -18419.915635298836 25415.08436470117 
eil51_n20_m95_uncorr_10.ttp 13095 32649 44954 262 -29773.378151870904 15180.621848129103 
